21,141
21,161
21,181
21,201
21,221
21,241
21,261
21,281
21,301
21,321
21,341
21,361
21,381
21,401
21,421
21,441
21,461
21,481
21,501
21,521
21,541
21,561
21,581
42,141
42,581
63,141
63,181
63,201
63,221
63,241
63,261
63,281
63,301
63,321
63,341
63,361
63,381
63,401
63,421
63,441
63,461
63,481
63,501
63,521
63,541
63,581
84,141
84,181
84,341
84,541
84,581
105,141
105,181
105,221
105,241
105,261
105,281
105,301
105,321
105,341
105,361
105,381
105,401
105,421
105,441
105,461
105,481
105,501
105,541
105,581
126,141
126,181
126,221
126,501
126,541
126,581
147,141
147,181
147,221
147,261
147,281
147,301
147,321
147,341
147,361
147,381
147,401
147,421
147,441
147,461
147,501
147,541
147,581
168,141
168,181
168,221
168,261
168,341
168,461
168,501
168,541
168,581
189,141
189,181
189,221
189,261
189,301
189,321
189,341
189,361
189,381
189,401
189,421
189,461
189,501
189,541
189,581
210,141
210,181
210,221
210,261
210,301
210,341
210,421
210,461
210,501
210,541
210,581
231,141
231,181
231,221
231,261
231,301
231,341
231,421
231,461
231,501
231,541
231,581
252,141
252,181
252,221
252,261
252,301
252,341
252,421
252,461
252,501
252,541
252,581
273,141
273,181
273,221
273,261
273,301
273,341
273,421
273,461
273,501
273,541
273,581
294,141
294,181
294,221
294,261
294,301
294,341
294,421
294,461
294,501
294,541
294,581
315,141
315,181
315,221
315,261
315,301
315,341
315,421
315,461
315,501
315,541
315,581
336,141
336,181
336,221
336,261
336,301
336,341
336,421
336,461
336,501
336,541
336,581
357,141
357,181
357,221
357,261
357,301
357,341
357,421
357,461
357,501
357,541
357,581
378,141
378,181
378,221
378,261
378,301
378,341
378,421
378,461
378,501
378,541
378,581
399,141
399,161
399,181
399,221
399,241
399,261
399,301
399,321
399,341
399,421
399,461
399,481
399,501
399,541
399,581
420,141
420,181
420,221
420,261
420,301
420,341
420,421
420,461
420,501
420,541
420,581
441,141
441,181
441,221
441,261
441,301
441,341
441,421
441,461
441,501
441,541
441,581
462,141
462,181
462,221
462,261
462,301
462,341
462,421
462,461
462,501
462,541
462,581
483,141
483,181
483,221
483,261
483,301
483,341
483,421
483,461
483,501
483,541
483,581
504,141
504,181
504,221
504,261
504,301
504,341
504,421
504,461
504,501
504,541
504,581
525,141
525,181
525,221
525,261
525,301
525,341
525,421
525,461
525,501
525,541
525,581
546,141
546,181
546,221
546,261
546,301
546,341
546,421
546,461
546,501
546,541
546,581
567,141
567,181
567,221
567,261
567,301
567,341
567,421
567,461
567,501
567,541
567,581
588,141
588,181
588,221
588,261
588,301
588,341
588,421
588,461
588,501
588,541
588,581
609,141
609,181
609,221
609,261
609,301
609,321
609,341
609,361
609,381
609,401
609,421
609,461
609,501
609,541
609,581
630,141
630,181
630,221
630,261
630,341
630,461
630,501
630,541
630,581
651,141
651,181
651,221
651,261
651,281
651,301
651,321
651,341
651,361
651,381
651,401
651,421
651,441
651,461
651,501
651,541
651,581
672,141
672,181
672,221
672,501
672,541
672,581
693,141
693,181
693,221
693,241
693,261
693,281
693,301
693,321
693,341
693,361
693,381
693,401
693,421
693,441
693,461
693,481
693,501
693,541
693,581
714,141
714,181
714,341
714,541
714,581
735,141
735,181
735,201
735,221
735,241
735,261
735,281
735,301
735,321
735,341
735,361
735,381
735,401
735,421
735,441
735,461
735,481
735,501
735,521
735,541
735,581
756,141
756,581
777,141
777,161
777,181
777,201
777,221
777,241
777,261
777,281
777,301
777,321
777,341
777,361
777,381
777,401
777,421
777,441
777,461
777,481
777,501
777,521
777,541
777,561
777,581
